# ----- Rotor performance tables for the WINDCRETE_GC_IEA-15-240-RWT wind turbine ----- 
# ------------ Written on Mar-03-25 using the ROSCO toolbox ------------ 

# Pitch angle vector, 36 entries - x axis (matrix columns) (deg)
-5.0   -4.0   -3.0   -2.0   -1.0   0.0   1.0   2.0   3.0   4.0   5.0   6.0   7.0   8.0   9.0   10.0   11.0   12.0   13.0   14.0   15.0   16.0   17.0   18.0   19.0   20.0   21.0   22.0   23.0   24.0   25.0   26.0   27.0   28.0   29.0   30.0   
# TSR vector, 26 entries - y axis (matrix rows) (-)
2.0    2.5    3.0    3.5    4.0    4.5    5.0    5.5    6.0    6.5    7.0    7.5    8.0    8.5    9.0    9.5    10.0    10.5    11.0    11.5    12.0    12.5    13.0    13.5    14.0    14.5    
# Wind speed vector - z axis (m/s)
10.81    

# Power coefficient

0.007350   0.009456   0.011611   0.013815   0.016071   0.018378   0.020733   0.023132   0.025568   0.028033   0.030519   0.033014   0.035505   0.037979   0.040418   0.042803   0.045111   0.047317   0.049393   0.051308   0.053035   0.054545   0.055807   0.056794   0.057479   0.057843   0.057870   0.057553   0.056890   0.055884   0.054541   0.052872   0.050892   0.048621   0.046080   0.043293   
0.019492   0.023482   0.027534   0.031637   0.035773   0.039926   0.044076   0.048203   0.052285   0.056295   0.060200   0.063960   0.067531   0.070863   0.073906   0.076609   0.078922   0.080795   0.082185   0.083055   0.083379   0.083144   0.082346   0.080989   0.079086   0.076663   0.073755   0.070401   0.066644   0.062525   0.058082   0.053352   0.048367   0.043156   0.037744   0.032157   
0.040746   0.047188   0.053610   0.059986   0.066287   0.072475   0.078503   0.084310   0.089828   0.094979   0.099684   0.103861   0.107429   0.110309   0.112436   0.113756   0.114232   0.113842   0.112583   0.110470   0.107543   0.103862   0.099496   0.094519   0.089000   0.083007   0.076598   0.069825   0.062732   0.055355   0.047722   0.039860   0.031796   0.023562   0.015195   0.006741   
0.071512   0.080699   0.089714   0.098489   0.106938   0.114959   0.122441   0.129264   0.135306   0.140446   0.144573   0.147590   0.149420   0.150007   0.149324   0.147380   0.144225   0.139945   0.134647   0.128445   0.121454   0.113780   0.105519   0.096754   0.087555   0.077974   0.068047   0.057803   0.047265   0.036459   0.025418   0.014181   0.002802   -0.008650   -0.020090   -0.031418   
0.111376   0.123432   0.134973   0.145849   0.155899   0.164951   0.172837   0.179392   0.184473   0.187951   0.189728   0.189751   0.188025   0.184617   0.179647   0.173269   0.165648   0.156950   0.147333   0.136936   0.125883   0.114273   0.102180   0.089651   0.076716   0.063395   0.049705   0.035664   0.021305   0.006676   -0.008149   -0.023071   -0.037966   -0.052698   -0.067119   -0.081080   
0.159360   0.173966   0.187453   0.199592   0.210158   0.218937   0.225734   0.230379   0.232749   0.232801   0.230576   0.226192   0.219827   0.211699   0.202035   0.191053   0.178956   0.165927   0.152121   0.137659   0.122629   0.107079   0.091032   0.074497   0.057477   0.039980   0.022031   0.003685   -0.014973   -0.033823   -0.052712   -0.071461   -0.089879   -0.107763   -0.124910   -0.141131   
0.213476   0.229801   0.244158   0.256278   0.265911   0.272825   0.276862   0.277978   0.276228   0.271755   0.264781   0.255585   0.244449   0.231644   0.217428   0.202031   0.185654   0.168458   0.150560   0.132025   0.112874   0.093105   0.072708   0.051675   0.030017   0.007773   -0.014977   -0.038111   -0.061456   -0.084805   -0.107918   -0.130535   -0.152385   -0.173202   -0.192749   -0.210838   
0.270511   0.287305   0.301154   0.311764   0.318924   0.322558   0.322698   0.319480   0.313135   0.303980   0.292346   0.278553   0.262906   0.245692   0.227170   0.207562   0.187040   0.165710   0.143611   0.120744   0.097090   0.072622   0.047324   0.021204   -0.005687   -0.033248   -0.061315   -0.089666   -0.118030   -0.146098   -0.173531   -0.199981   -0.225109   -0.248619   -0.270287   -0.289982   
0.325899   0.341786   0.353783   0.361735   0.365618   0.365497   0.361570   0.354122   0.343511   0.330091   0.314203   0.296180   0.276344   0.254989   0.232364   0.208657   0.183972   0.158334   0.131725   0.104109   0.075443   0.045698   0.014878   -0.016965   -0.049709   -0.083158   -0.117031   -0.150994   -0.184664   -0.217622   -0.249428   -0.279655   -0.307930   -0.333972   -0.357626   -0.378863   
0.373771   0.387904   0.397650   0.402974   0.403916   0.400595   0.393281   0.382343   0.368127   0.350996   0.331313   0.309440   0.285716   0.260437   0.233824   0.205992   0.176958   0.146691   0.115137   0.082241   0.047961   0.012288   -0.024731   -0.062967   -0.102191   -0.142074   -0.182216   -0.222163   -0.261408   -0.299415   -0.335652   -0.369639   -0.401012   -0.429564   -0.455246   -0.478134   
0.408526   0.421281   0.429761   0.433689   0.432981   0.427808   0.418318   0.404840   0.387770   0.367517   0.344505   0.319145   0.291801   0.262751   0.232146   0.200007   0.166296   0.130954   0.093916   0.055128   0.014564   -0.027744   -0.071673   -0.116978   -0.163290   -0.210147   -0.257022   -0.303326   -0.348423   -0.391660   -0.432427   -0.470232   -0.504774   -0.535958   -0.563851   -0.588654   
0.428649   0.440673   0.448908   0.453145   0.452830   0.447441   0.437198   0.422262   0.403141   0.380379   0.354510   0.326009   0.295251   0.262462   0.227696   0.190929   0.152105   0.111158   0.068028   0.022675   -0.024895   -0.074579   -0.126141   -0.179186   -0.233199   -0.287585   -0.341673   -0.394732   -0.445986   -0.494673   -0.540131   -0.581906   -0.619809   -0.653869   -0.684283   -0.711408   
0.432531   0.446038   0.456149   0.462166   0.463671   0.459982   0.450362   0.435185   0.414883   0.390248   0.361973   0.330607   0.296521   0.259862   0.220646   0.178843   0.134401   0.087263   0.037383   -0.015257   -0.070592   -0.128416   -0.188339   -0.249808   -0.312162   -0.374658   -0.436473   -0.496720   -0.554476   -0.608879   -0.659259   -0.705256   -0.746816   -0.784104   -0.817468   -0.847432   
0.421545   0.438193   0.451797   0.461716   0.466664   0.465763   0.458382   0.444111   0.423558   0.397670   0.367374   0.333321   0.295854   0.255091   0.211066   0.163764   0.113151   0.059191   0.001856   -0.058833   -0.122722   -0.189465   -0.258496   -0.329104   -0.400473   -0.471701   -0.541796   -0.609699   -0.674338   -0.734775   -0.790388   -0.840955   -0.886563   -0.927529   -0.964364   -0.997785   
0.400980   0.420234   0.437916   0.452549   0.462422   0.465770   0.461624   0.449442   0.429577   0.403029   0.371037   0.334365   0.293367   0.248211   0.198970   0.145664   0.088292   0.026838   -0.038699   -0.108234   -0.181496   -0.257959   -0.336877   -0.417375   -0.498475   -0.579097   -0.658065   -0.734128   -0.806069   -0.872917   -0.934158   -0.989724   -1.039857   -1.085035   -1.125940   -1.163517   
0.376576   0.398024   0.417773   0.436333   0.451626   0.460463   0.460585   0.451547   0.433202   0.406587   0.373155   0.333842   0.289119   0.239240   0.184343   0.124500   0.059742   -0.009919   -0.084447   -0.163665   -0.247144   -0.334154   -0.423774   -0.514958   -0.606548   -0.697270   -0.785739   -0.870498   -0.950202   -1.023905   -1.091247   -1.152319   -1.207526   -1.257516   -1.303155   -1.345672   
0.348714   0.372989   0.395213   0.415852   0.435410   0.450109   0.455776   0.450580   0.434599   0.408503   0.373820   0.331808   0.283133   0.228174   0.167156   0.100208   0.027400   -0.051224   -0.135571   -0.225341   -0.319904   -0.418327   -0.519508   -0.622218   -0.725102   -0.826668   -0.925298   -1.019323   -1.107301   -1.188375   -1.262359   -1.329511   -1.390403   -1.445862   -1.496958   -1.545286   
0.318076   0.345014   0.370275   0.393535   0.415478   0.435491   0.447238   0.446842   0.433936   0.408854   0.373078   0.328286   0.275413   0.214996   0.147363   0.072709   -0.008851   -0.097236   -0.192269   -0.293489   -0.400034   -0.510774   -0.624419   -0.739542   -0.854566   -0.967757   -1.077240   -1.181136   -1.277954   -1.366981   -1.448212   -1.522075   -1.589317   -1.650951   -1.708288   -1.763390   
0.284436   0.314677   0.342816   0.369291   0.393934   0.417373   0.435283   0.440569   0.431267   0.407659   0.370950   0.323288   0.265953   0.199678   0.124907   0.041913   -0.049143   -0.148127   -0.254748   -0.368339   -0.487802   -0.611809   -0.738869   -0.867335   -0.995383   -1.121013   -1.242074   -1.356488   -1.462769   -1.560393   -1.649531   -1.730787   -1.805089   -1.873654   -1.938075   -2.001017   
0.247913   0.281835   0.313247   0.342971   0.370925   0.397268   0.420320   0.431735   0.426624   0.404914   0.367447   0.316815   0.254738   0.182179   0.099720   0.007715   -0.093618   -0.204075   -0.323217   -0.450131   -0.583490   -0.721758   -0.863229   -1.006008   -1.148004   -1.286923   -1.420320   -1.545938   -1.662368   -1.769286   -1.867043   -1.956417   -2.038533   -2.114833   -2.187240   -2.259193   
0.210209   0.246443   0.281730   0.314691   0.346312   0.375943   0.402975   0.420453   0.420112   0.400616   0.362570   0.308859   0.241742   0.162452   0.071723   -0.029998   -0.142428   -0.265269   -0.397891   -0.539115   -0.687389   -0.840961   -0.997879   -1.155983   -1.312887   -1.465979   -1.612504   -1.750062   -1.877379   -1.994340   -2.101470   -2.199730   -2.290458   -2.375344   -2.456703   -2.538950   
0.171825   0.209773   0.247993   0.284881   0.320023   0.353422   0.384012   0.406863   0.411751   0.394778   0.356313   0.299407   0.226935   0.140440   0.040828   -0.071349   -0.195730   -0.331896   -0.478986   -0.635547   -0.799802   -0.969759   -1.143205   -1.317685   -1.490496   -1.658678   -1.819158   -1.969440   -2.108438   -2.236235   -2.353532   -2.461487   -2.561665   -2.656034   -2.747379   -2.841322   
0.132200   0.172552   0.212660   0.253355   0.292194   0.329602   0.363875   0.391268   0.401510   0.387381   0.348667   0.288440   0.210278   0.116079   0.006942   -0.116463   -0.253684   -0.404147   -0.566724   -0.739691   -0.921033   -1.108503   -1.299597   -1.491546   -1.681299   -1.865520   -2.040820   -2.204661   -2.356181   -2.495649   -2.623946   -2.742442   -2.852954   -2.957747   -3.060183   -3.167344   
0.091739   0.134339   0.176767   0.220065   0.263133   0.304400   0.342643   0.374086   0.389434   0.378432   0.339618   0.275934   0.191725   0.089297   -0.030035   -0.165472   -0.316453   -0.482215   -0.661331   -0.851813   -1.051395   -1.257545   -1.467451   -1.678000   -1.885764   -2.087010   -2.278031   -2.456319   -2.621244   -2.773257   -2.913425   -3.043350   -3.165117   -3.281325   -3.396027   -3.518048   
0.052179   0.095114   0.140197   0.185713   0.232668   0.277833   0.320273   0.355580   0.375568   0.367957   0.329147   0.261859   0.171228   0.060022   -0.070204   -0.218509   -0.384202   -0.566291   -0.763038   -0.972188   -1.191201   -1.417242   -1.647162   -1.877480   -2.104365   -2.323653   -2.531338   -2.725008   -2.904265   -3.069732   -3.222680   -3.364957   -3.498944   -3.627603   -3.755828   -3.894462   
0.014417   0.056064   0.102659   0.150897   0.200715   0.250123   0.296698   0.335909   0.360006   0.355949   0.317231   0.246180   0.148732   0.028176   -0.113670   -0.275708   -0.457094   -0.656571   -0.872079   -1.101091   -1.340768   -1.587951   -1.839130   -2.090427   -2.337574   -2.575954   -2.801291   -3.011325   -3.205877   -3.385745   -3.552418   -3.708012   -3.855221   -3.997418   -4.140501   -4.297607   


#  Thrust coefficient

0.069279   0.069238   0.069231   0.069264   0.069340   0.069466   0.069644   0.069878   0.070171   0.070523   0.070933   0.071397   0.071907   0.072453   0.073019   0.073585   0.074126   0.074616   0.075030   0.075339   0.075517   0.075538   0.075375   0.075002   0.074394   0.073530   0.072396   0.070986   0.069296   0.067328   0.065086   0.062575   0.059808   0.056801   0.053574   0.050147   
0.091814   0.092407   0.093095   0.093881   0.094768   0.095753   0.096829   0.097982   0.099190   0.100423   0.101645   0.102815   0.103885   0.104810   0.105543   0.106035   0.106242   0.106114   0.105608   0.104688   0.103330   0.101519   0.099250   0.096524   0.093348   0.089740   0.085727   0.081344   0.076627   0.071615   0.066341   0.060840   0.055144   0.049285   0.043292   0.037193   
0.123485   0.125173   0.127008   0.128971   0.131032   0.133145   0.135255   0.137298   0.139202   0.140895   0.142299   0.143336   0.143928   0.143997   0.143473   0.142305   0.140454   0.137899   0.134630   0.130656   0.126003   0.120719   0.114864   0.108501   0.101691   0.094492   0.086958   0.079139   0.071082   0.062826   0.054408   0.045861   0.037222   0.028533   0.019843   0.011204   
0.165491   0.168621   0.171841   0.175070   0.178217   0.181177   0.183839   0.186087   0.187802   0.188858   0.189141   0.188548   0.187001   0.184442   0.180839   0.176191   0.170530   0.163925   0.156470   0.148264   0.139405   0.129984   0.120086   0.109791   0.099169   0.088276   0.077157   0.065853   0.054401   0.042845   0.031232   0.019619   0.008074   -0.003325   -0.014484   -0.025304   
0.218275   0.222848   0.227272   0.231395   0.235054   0.238078   0.240287   0.241506   0.241575   0.240359   0.237755   0.233700   0.228183   0.221252   0.213006   0.203583   0.193127   0.181782   0.169686   0.156964   0.143731   0.130086   0.116106   0.101850   0.087362   0.072684   0.057857   0.042925   0.027946   0.012992   -0.001845   -0.016454   -0.030708   -0.044470   -0.057599   -0.069957   
0.281534   0.287185   0.292235   0.296443   0.299559   0.301340   0.301563   0.300038   0.296631   0.291275   0.283989   0.274870   0.264082   0.251822   0.238292   0.223688   0.208197   0.191984   0.175195   0.157949   0.140337   0.122425   0.104261   0.085885   0.067334   0.048653   0.029906   0.011179   -0.007417   -0.025747   -0.043652   -0.060958   -0.077485   -0.093051   -0.107478   -0.120605   
0.354500   0.360439   0.365050   0.368004   0.369001   0.367771   0.364126   0.357985   0.349376   0.338432   0.325367   0.310442   0.293923   0.276070   0.257123   0.237295   0.216769   0.195699   0.174204   0.152366   0.130240   0.107863   0.085272   0.062510   0.039638   0.016743   -0.006057   -0.028615   -0.050750   -0.072257   -0.092916   -0.112494   -0.130758   -0.147485   -0.162484   -0.175606   
0.435764   0.440636   0.443198   0.443091   0.440045   0.433929   0.424749   0.412638   0.397838   0.380667   0.361465   0.340559   0.318248   0.294801   0.270455   0.245413   0.219836   0.193842   0.167504   0.140869   0.113976   0.086861   0.059574   0.032189   0.004814   -0.022408   -0.049290   -0.075607   -0.101107   -0.125515   -0.148542   -0.169898   -0.189312   -0.206553   -0.221452   -0.233916   
0.522906   0.524819   0.523353   0.518281   0.509546   0.497237   0.481584   0.462913   0.441631   0.418135   0.392793   0.365938   0.337867   0.308846   0.279097   0.248796   0.218063   0.186970   0.155565   0.123882   0.091958   0.059847   0.027631   -0.004568   -0.036580   -0.068183   -0.099108   -0.129052   -0.157687   -0.184665   -0.209635   -0.232264   -0.252271   -0.269454   -0.283709   -0.295027   
0.612290   0.609217   0.602010   0.590696   0.575415   0.556405   0.534049   0.508818   0.481138   0.451413   0.420010   0.387258   0.353454   0.318851   0.283650   0.247983   0.211925   0.175518   0.138796   0.101796   0.064575   0.027218   -0.010141   -0.047316   -0.084052   -0.120036   -0.154919   -0.188319   -0.219832   -0.249038   -0.275532   -0.298967   -0.319085   -0.335754   -0.348959   -0.358771   
0.699768   0.690232   0.676458   0.658507   0.636569   0.611032   0.582275   0.550741   0.516868   0.481058   0.443684   0.405089   0.365571   0.325366   0.284627   0.243432   0.201826   0.159842   0.117524   0.074929   0.032146   -0.010693   -0.053387   -0.095661   -0.137163   -0.177498   -0.216235   -0.252911   -0.287043   -0.318147   -0.345786   -0.369623   -0.389465   -0.405275   -0.417123   -0.425172   
0.782929   0.765995   0.745165   0.720700   0.692677   0.661160   0.626543   0.589102   0.549297   0.507573   0.464348   0.419982   0.374763   0.328882   0.282437   0.235480   0.188054   0.140208   0.092008   0.043541   -0.005061   -0.053600   -0.101790   -0.149252   -0.195545   -0.240191   -0.282676   -0.322455   -0.358966   -0.391670   -0.420120   -0.444027   -0.463295   -0.477979   -0.488247   -0.494356   
0.860319   0.835845   0.808124   0.777367   0.743735   0.707067   0.667139   0.624308   0.578905   0.531490   0.482543   0.432444   0.381461   0.329737   0.277348   0.224356   0.170824   0.116827   0.062462   0.007853   -0.046812   -0.101249   -0.155070   -0.207797   -0.258903   -0.307826   -0.353966   -0.396692   -0.435364   -0.469403   -0.498382   -0.522097   -0.540559   -0.553918   -0.562442   -0.566483   
0.931569   0.899662   0.865427   0.829119   0.790427   0.749000   0.704512   0.656790   0.606190   0.553298   0.498708   0.442842   0.385945   0.328149   0.269551   0.210241   0.150314   0.089881   0.029071   -0.031944   -0.092901   -0.153419   -0.212998   -0.271067   -0.327016   -0.380193   -0.429912   -0.475447   -0.516085   -0.551227   -0.580502   -0.603822   -0.621298   -0.633183   -0.639840   -0.641715   
0.998597   0.958931   0.918234   0.876540   0.833327   0.787707   0.739049   0.686941   0.631542   0.573358   0.513153   0.451412   0.388396   0.324279   0.259198   0.193285   0.126680   0.059528   -0.008005   -0.075684   -0.143158   -0.209930   -0.275393   -0.338890   -0.399721   -0.457147   -0.510382   -0.558605   -0.601033   -0.637079   -0.666470   -0.689235   -0.705587   -0.715879   -0.720569   -0.720195   
1.064196   1.016623   0.968484   0.920812   0.873084   0.823702   0.771204   0.715131   0.655224   0.591921   0.526079   0.458307   0.388952   0.318256   0.246418   0.173625   0.100059   0.025902   -0.048631   -0.123232   -0.197441   -0.270636   -0.342117   -0.411136   -0.476905   -0.538588   -0.595290   -0.646087   -0.690150   -0.726938   -0.756305   -0.778389   -0.793507   -0.802108   -0.804742   -0.802041   
1.129037   1.074040   1.018460   0.963683   0.910573   0.857330   0.801434   0.741536   0.677399   0.609153   0.537618   0.463646   0.387725   0.310195   0.231330   0.151378   0.070564   -0.010887   -0.092702   -0.174480   -0.255634   -0.335427   -0.413067   -0.487716   -0.558491   -0.624449   -0.684576   -0.737847   -0.783409   -0.820814   -0.850045   -0.871348   -0.885139   -0.891958   -0.892453   -0.887353   
1.192308   1.131351   1.068638   1.006693   0.946880   0.889168   0.829872   0.766413   0.698235   0.625157   0.547870   0.467527   0.384816   0.300197   0.214036   0.126641   0.038288   -0.050752   -0.140131   -0.229336   -0.317645   -0.404217   -0.488168   -0.568567   -0.644426   -0.714682   -0.778198   -0.833853   -0.880805   -0.918729   -0.947735   -0.968173   -0.980551   -0.985506   -0.983783   -0.976213   
1.254669   1.187671   1.119063   1.050071   0.983297   0.919742   0.856775   0.789984   0.717816   0.640000   0.556916   0.470038   0.380312   0.288351   0.194619   0.099493   0.003303   -0.093622   -0.190847   -0.287724   -0.383402   -0.476943   -0.567368   -0.653646   -0.734672   -0.809256   -0.876130   -0.934090   -0.982345   -1.020714   -1.049423   -1.068920   -1.079806   -1.082814   -1.078796   -1.068684   
1.316152   1.243364   1.169055   1.093856   1.020093   0.949950   0.882439   0.812280   0.736205   0.653726   0.564827   0.471251   0.374288   0.274730   0.173149   0.069999   -0.034331   -0.139441   -0.244789   -0.349583   -0.452851   -0.553560   -0.650631   -0.742921   -0.829203   -0.908149   -0.978354   -1.038554   -1.088048   -1.126803   -1.155153   -1.173638   -1.182953   -1.183936   -1.177549   -1.164819   
1.374636   1.298594   1.218424   1.137774   1.057314   0.980339   0.907259   0.833410   0.753526   0.666382   0.571662   0.471233   0.366811   0.259396   0.149684   0.038211   -0.074565   -0.188161   -0.301908   -0.414866   -0.525952   -0.634036   -0.737930   -0.836372   -0.928001   -1.011345   -1.084859   -1.147248   -1.197935   -1.237029   -1.264964   -1.282369   -1.290037   -1.288917   -1.280086   -1.264659   
1.429848   1.351783   1.267622   1.181173   1.094921   1.011047   0.931712   0.853499   0.769843   0.678026   0.577473   0.470040   0.357936   0.242402   0.124269   0.004170   -0.117360   -0.239742   -0.362162   -0.483537   -0.602677   -0.718348   -0.829246   -0.933982   -1.031054   -1.118834   -1.195641   -1.260180   -1.312029   -1.351423   -1.378888   -1.395146   -1.401095   -1.397795   -1.386444   -1.368234   
1.482865   1.402247   1.315869   1.224321   1.132611   1.042090   0.956119   0.872759   0.785179   0.688688   0.582307   0.467724   0.347712   0.223789   0.096943   -0.032089   -0.162685   -0.294151   -0.425519   -0.555567   -0.683002   -0.806477   -0.924565   -1.035740   -1.138352   -1.230608   -1.310698   -1.377365   -1.430353   -1.470012   -1.496956   -1.512002   -1.516156   -1.510602   -1.496654   -1.475568   
1.533492   1.450780   1.361978   1.267287   1.169890   1.073437   0.980615   0.891468   0.799595   0.698414   0.586204   0.464329   0.336177   0.203592   0.067737   -0.070538   -0.210512   -0.351360   -0.491950   -0.630936   -0.766913   -0.898412   -1.023878   -1.141640   -1.249889   -1.346662   -1.430030   -1.498816   -1.552929   -1.592820   -1.619192   -1.632961   -1.635249   -1.627364   -1.610741   -1.586678   
1.579976   1.497618   1.406255   1.309204   1.206943   1.104940   1.005248   0.909827   0.813158   0.707272   0.589199   0.459890   0.323365   0.181841   0.036677   -0.111153   -0.260817   -0.411344   -0.561436   -0.709628   -0.854396   -0.994143   -1.127176   -1.251674   -1.365661   -1.466993   -1.553642   -1.624548   -1.679776   -1.719869   -1.745617   -1.758045   -1.758394   -1.748104   -1.728724   -1.701579   
1.621728   1.541586   1.449166   1.349415   1.243848   1.136221   1.030031   0.927984   0.825956   0.715299   0.591322   0.454438   0.309303   0.158561   0.003784   -0.153915   -0.313580   -0.474082   -0.633962   -0.791631   -0.945442   -1.093663   -1.234456   -1.365840   -1.485664   -1.591599   -1.681541   -1.754576   -1.810912   -1.851174   -1.876250   -1.887274   -1.885613   -1.872842   -1.850622   -1.820279   


# Torque coefficient

0.003684   0.004740   0.005819   0.006924   0.008055   0.009212   0.010392   0.011594   0.012815   0.014051   0.015297   0.016547   0.017796   0.019036   0.020258   0.021454   0.022611   0.023716   0.024757   0.025717   0.026582   0.027339   0.027971   0.028466   0.028810   0.028992   0.029006   0.028847   0.028515   0.028010   0.027337   0.026501   0.025508   0.024370   0.023096   0.021699   
0.007816   0.009416   0.011041   0.012686   0.014344   0.016009   0.017673   0.019328   0.020965   0.022573   0.024139   0.025647   0.027078   0.028414   0.029634   0.030718   0.031646   0.032397   0.032954   0.033303   0.033433   0.033339   0.033019   0.032475   0.031712   0.030740   0.029574   0.028229   0.026723   0.025071   0.023289   0.021393   0.019394   0.017304   0.015135   0.012894   
0.013615   0.015768   0.017914   0.020044   0.022150   0.024217   0.026231   0.028172   0.030016   0.031737   0.033309   0.034705   0.035897   0.036860   0.037570   0.038011   0.038170   0.038040   0.037619   0.036913   0.035935   0.034705   0.033246   0.031583   0.029739   0.027736   0.025595   0.023332   0.020962   0.018497   0.015946   0.013319   0.010624   0.007873   0.005077   0.002253   
0.020482   0.023113   0.025695   0.028208   0.030628   0.032926   0.035069   0.037023   0.038753   0.040225   0.041407   0.042271   0.042796   0.042964   0.042768   0.042211   0.041308   0.040082   0.038565   0.036788   0.034786   0.032588   0.030222   0.027712   0.025077   0.022333   0.019490   0.016555   0.013537   0.010442   0.007280   0.004062   0.000802   -0.002478   -0.005754   -0.008998   
0.027912   0.030933   0.033826   0.036551   0.039070   0.041339   0.043315   0.044958   0.046231   0.047102   0.047548   0.047554   0.047121   0.046267   0.045022   0.043423   0.041513   0.039333   0.036923   0.034318   0.031548   0.028638   0.025607   0.022468   0.019226   0.015887   0.012456   0.008938   0.005339   0.001673   -0.002042   -0.005782   -0.009515   -0.013207   -0.016821   -0.020320   
0.035500   0.038753   0.041758   0.044462   0.046816   0.048771   0.050286   0.051320   0.051848   0.051860   0.051364   0.050388   0.048970   0.047159   0.045006   0.042560   0.039865   0.036963   0.033887   0.030666   0.027317   0.023854   0.020279   0.016595   0.012804   0.008906   0.004908   0.000821   -0.003335   -0.007535   -0.011742   -0.015919   -0.020022   -0.024006   -0.027826   -0.031439   
0.042799   0.046072   0.048951   0.051381   0.053312   0.054698   0.055508   0.055731   0.055380   0.054484   0.053086   0.051242   0.049009   0.046442   0.043592   0.040505   0.037221   0.033774   0.030186   0.026470   0.022630   0.018666   0.014577   0.010360   0.006018   0.001558   -0.003003   -0.007641   -0.012321   -0.017002   -0.021636   -0.026171   -0.030551   -0.034725   -0.038644   -0.042271   
0.049304   0.052365   0.054889   0.056823   0.058128   0.058790   0.058816   0.058229   0.057073   0.055404   0.053284   0.050770   0.047918   0.044780   0.041405   0.037831   0.034090   0.030203   0.026175   0.022007   0.017696   0.013236   0.008625   0.003865   -0.001037   -0.006060   -0.011175   -0.016343   -0.021512   -0.026628   -0.031628   -0.036449   -0.041029   -0.045314   -0.049263   -0.052853   
0.054449   0.057103   0.059108   0.060436   0.061085   0.061065   0.060409   0.059164   0.057392   0.055149   0.052495   0.049484   0.046170   0.042602   0.038822   0.034861   0.030737   0.026453   0.022008   0.017394   0.012605   0.007635   0.002486   -0.002834   -0.008305   -0.013893   -0.019553   -0.025227   -0.030853   -0.036359   -0.041673   -0.046723   -0.051447   -0.055798   -0.059750   -0.063298   
0.057644   0.059823   0.061326   0.062147   0.062293   0.061780   0.060653   0.058966   0.056773   0.054131   0.051096   0.047722   0.044064   0.040165   0.036061   0.031768   0.027291   0.022623   0.017757   0.012683   0.007397   0.001895   -0.003814   -0.009711   -0.015760   -0.021911   -0.028102   -0.034262   -0.040315   -0.046176   -0.051765   -0.057006   -0.061845   -0.066248   -0.070209   -0.073739   
0.058503   0.060330   0.061544   0.062107   0.062005   0.061265   0.059906   0.057976   0.055531   0.052631   0.049335   0.045703   0.041788   0.037628   0.033245   0.028642   0.023815   0.018753   0.013449   0.007895   0.002086   -0.003973   -0.010264   -0.016752   -0.023384   -0.030094   -0.036807   -0.043438   -0.049896   -0.056088   -0.061926   -0.067340   -0.072287   -0.076752   -0.080747   -0.084299   
0.057293   0.058900   0.060001   0.060567   0.060525   0.059804   0.058435   0.056439   0.053883   0.050841   0.047383   0.043574   0.039463   0.035080   0.030434   0.025519   0.020330   0.014857   0.009093   0.003031   -0.003327   -0.009968   -0.016860   -0.023950   -0.031169   -0.038438   -0.045668   -0.052759   -0.059610   -0.066117   -0.072193   -0.077777   -0.082843   -0.087395   -0.091461   -0.095086   
0.054198   0.055891   0.057158   0.057912   0.058100   0.057638   0.056433   0.054531   0.051987   0.048900   0.045357   0.041427   0.037156   0.032562   0.027648   0.022410   0.016841   0.010934   0.004684   -0.001912   -0.008846   -0.016091   -0.023600   -0.031302   -0.039116   -0.046947   -0.054692   -0.062242   -0.069479   -0.076296   -0.082609   -0.088372   -0.093580   -0.098252   -0.102433   -0.106188   
0.049715   0.051678   0.053282   0.054452   0.055036   0.054929   0.054059   0.052376   0.049952   0.046899   0.043326   0.039310   0.034891   0.030084   0.024892   0.019313   0.013344   0.006981   0.000219   -0.006938   -0.014473   -0.022344   -0.030486   -0.038813   -0.047230   -0.055630   -0.063896   -0.071904   -0.079528   -0.086655   -0.093214   -0.099177   -0.104556   -0.109388   -0.113732   -0.117673   
0.044662   0.046807   0.048776   0.050406   0.051506   0.051879   0.051417   0.050060   0.047847   0.044890   0.041327   0.037242   0.032676   0.027646   0.022162   0.016224   0.009834   0.002989   -0.004310   -0.012055   -0.020216   -0.028732   -0.037522   -0.046488   -0.055521   -0.064501   -0.073297   -0.081769   -0.089782   -0.097228   -0.104049   -0.110238   -0.115822   -0.120854   -0.125410   -0.129595   
0.039736   0.042000   0.044083   0.046042   0.047656   0.048588   0.048601   0.047647   0.045712   0.042903   0.039375   0.035227   0.030508   0.025245   0.019452   0.013137   0.006304   -0.001047   -0.008911   -0.017270   -0.026079   -0.035260   -0.044717   -0.054339   -0.064003   -0.073576   -0.082911   -0.091855   -0.100266   -0.108043   -0.115149   -0.121593   -0.127418   -0.132693   -0.137509   -0.141996   
0.034957   0.037390   0.039618   0.041687   0.043647   0.045121   0.045689   0.045168   0.043566   0.040950   0.037473   0.033262   0.028382   0.022873   0.016756   0.010045   0.002747   -0.005135   -0.013590   -0.022589   -0.032069   -0.041935   -0.052078   -0.062374   -0.072687   -0.082869   -0.092756   -0.102181   -0.111001   -0.119128   -0.126544   -0.133276   -0.139380   -0.144939   -0.150061   -0.154906   
0.030367   0.032939   0.035350   0.037571   0.039666   0.041577   0.042698   0.042660   0.041428   0.039034   0.035618   0.031342   0.026294   0.020526   0.014069   0.006942   -0.000845   -0.009283   -0.018356   -0.028020   -0.038192   -0.048764   -0.059614   -0.070605   -0.081586   -0.092392   -0.102845   -0.112764   -0.122007   -0.130507   -0.138262   -0.145313   -0.151733   -0.157617   -0.163091   -0.168352   
0.025921   0.028677   0.031241   0.033654   0.035900   0.038036   0.039668   0.040150   0.039302   0.037150   0.033805   0.029462   0.024237   0.018197   0.011383   0.003820   -0.004478   -0.013499   -0.023215   -0.033567   -0.044454   -0.055755   -0.067334   -0.079041   -0.090710   -0.102159   -0.113192   -0.123618   -0.133304   -0.142200   -0.150324   -0.157728   -0.164500   -0.170748   -0.176619   -0.182355   
0.021610   0.024567   0.027305   0.029896   0.032333   0.034629   0.036639   0.037634   0.037188   0.035296   0.032030   0.027616   0.022205   0.015880   0.008693   0.000673   -0.008161   -0.017789   -0.028174   -0.039237   -0.050862   -0.062915   -0.075247   -0.087693   -0.100070   -0.112180   -0.123808   -0.134758   -0.144907   -0.154227   -0.162748   -0.170539   -0.177697   -0.184348   -0.190659   -0.196931   
0.017560   0.020587   0.023535   0.026288   0.028930   0.031405   0.033663   0.035123   0.035095   0.033466   0.030288   0.025801   0.020194   0.013571   0.005992   -0.002506   -0.011898   -0.022160   -0.033239   -0.045036   -0.057422   -0.070251   -0.083360   -0.096567   -0.109674   -0.122463   -0.134703   -0.146195   -0.156830   -0.166601   -0.175550   -0.183758   -0.191338   -0.198429   -0.205225   -0.212096   
0.013780   0.016823   0.019888   0.022846   0.025664   0.028343   0.030796   0.032629   0.033020   0.031659   0.028575   0.024011   0.018199   0.011263   0.003274   -0.005722   -0.015697   -0.026616   -0.038412   -0.050968   -0.064140   -0.077770   -0.091680   -0.105672   -0.119531   -0.133018   -0.145888   -0.157940   -0.169087   -0.179336   -0.188742   -0.197400   -0.205434   -0.213002   -0.220327   -0.227861   
0.010194   0.013306   0.016398   0.019536   0.022531   0.025416   0.028059   0.030171   0.030961   0.029871   0.026886   0.022242   0.016215   0.008951   0.000535   -0.008981   -0.019562   -0.031164   -0.043701   -0.057038   -0.071022   -0.085478   -0.100213   -0.115015   -0.129646   -0.143852   -0.157369   -0.170003   -0.181687   -0.192442   -0.202335   -0.211472   -0.219994   -0.228075   -0.235973   -0.244237   
0.006812   0.009975   0.013126   0.016341   0.019539   0.022603   0.025443   0.027778   0.028917   0.028100   0.025218   0.020489   0.014237   0.006631   -0.002230   -0.012287   -0.023498   -0.035807   -0.049107   -0.063251   -0.078071   -0.093379   -0.108965   -0.124600   -0.140027   -0.154971   -0.169155   -0.182394   -0.194640   -0.205928   -0.216336   -0.225984   -0.235026   -0.243655   -0.252172   -0.261232   
0.003736   0.006810   0.010039   0.013298   0.016660   0.019894   0.022932   0.025461   0.026892   0.026347   0.023568   0.018750   0.012260   0.004298   -0.005027   -0.015646   -0.027510   -0.040548   -0.054636   -0.069612   -0.085294   -0.101479   -0.117942   -0.134433   -0.150679   -0.166380   -0.181251   -0.195119   -0.207954   -0.219802   -0.230754   -0.240941   -0.250535   -0.259747   -0.268929   -0.278855   
0.000997   0.003876   0.007097   0.010432   0.013876   0.017292   0.020512   0.023223   0.024889   0.024608   0.021931   0.017019   0.010282   0.001948   -0.007858   -0.019061   -0.031601   -0.045391   -0.060290   -0.076123   -0.092693   -0.109781   -0.127146   -0.144519   -0.161606   -0.178086   -0.193664   -0.208185   -0.221635   -0.234070   -0.245593   -0.256349   -0.266527   -0.276357   -0.286249   -0.297110   

